# Polygon packing solution
# Generated by polygon_packing.py
#
[HEADER]
inner_count            = 6
inner_sides            = 8
inner_circumradius     = 1.306562964876377
inner_side_length      = 1.0
container_sides        = 8
container_side_len     = 2.988949185098346
container_circumradius = 3.905250309146924
elapsed_seconds        = 766.090

# id  cx  cy  angle_rad  [vertex_x  vertex_y  ...]
[POLYGONS]
1  -2.400873837581725  0.994474381996372  104.850654861601839  -2.900873779589309  -0.212632423211419  -1.900873779589313  -0.212632375168930  -1.193767032373936  0.494474439988782  -1.193767080416427  1.494474439988795  -1.900873895574145  2.201581187204165  -2.900873895574140  2.201581139161673  -3.607980642789515  1.494474324003959  -3.607980594747028  0.494474324003963
2  2.400874046107228  0.614789454654333  104.850654808238659  1.900874039684586  -0.592317323871869  2.900874039684583  -0.592317329192561  3.607980824633428  0.114789448231685  3.607980829954118  1.114789448231699  2.900874052529866  1.821896233180537  1.900874052529869  1.821896238501226  1.193767267581027  1.114789461076978  1.193767262260333  0.114789461076981
3  -1.151872305506456  -2.243476316023994  105.636053004939185  -0.651872271728726  -3.450583083219347  0.055234489671284  -2.743476282246267  0.055234461688900  -1.743476282246271  -0.651872339284193  -1.036369520846250  -1.651872339284190  -1.036369548828642  -2.358979100684197  -1.743476349801725  -2.358979072701810  -2.743476349801722  -1.651872271728731  -3.450583111201732
4  1.262341277850294  -2.133007349206306  103.279858466597403  0.055234506747271  -1.633007324862524  0.055234486580220  -2.633007324862521  0.762341253506505  -3.340114120309326  1.762341253506519  -3.340114140476374  2.469448048953318  -2.633007373550083  2.469448069120365  -1.633007373550087  1.762341302194078  -0.925900578103284  0.762341302194081  -0.925900557936231
5  -0.078508448837420  0.032624151517374  106.028182220436676  0.844844471836082  -0.891781692833613  1.228054303908276  0.031879622044949  0.845897395513572  0.955977072190871  -0.077763919365007  1.339186904263070  -1.001861369510926  0.957029995868357  -1.385071201583117  0.033368680989794  -1.002914293188409  -0.890728769156127  -0.079252978309848  -1.273938601228323
6  0.772745074933655  2.400874048748243  104.065256650122876  -0.434361706272405  1.900874048795350  0.272745074886545  1.193767267581209  1.272745074886541  1.193767267542180  1.979851856100693  1.900874048701144  1.979851856139713  2.900874048701140  1.272745074980762  3.607980829915279  0.272745074980765  3.607980829954304  -0.434361706233378  2.900874048795356

# vertex_x  vertex_y
[CONTAINER]
3.607980829954218  1.494474592549173
1.494474592549173  3.607980829954218
-1.494474592549173  3.607980829954218
-3.607980829954218  1.494474592549173
-3.607980829954219  -1.494474592549172
-1.494474592549175  -3.607980829954217
1.494474592549174  -3.607980829954218
3.607980829954217  -1.494474592549175

