# Polygon packing solution
# Generated by polygon_packing.py
#
[HEADER]
inner_count            = 9
inner_sides            = 5
inner_circumradius     = 0.850650808352040
inner_side_length      = 1.0
container_sides        = 5
container_side_len     = 3.449593335745430
container_circumradius = 2.934399359537660
elapsed_seconds        = 1845.684

# id  cx  cy  angle_rad  [vertex_x  vertex_y  ...]
[POLYGONS]
1  -1.372719762242020  0.702254103169209  3.769911339807509  -2.060910644727720  0.202253996155688  -1.109854080380511  -0.106762850330198  -0.522068953889991  0.702254235445203  -1.109854331984403  1.511271138419677  -2.060910800227477  1.202253996155676
2  0.256939622837372  0.790779870070159  -0.000000102478963  1.107590431189408  0.790779782896346  0.519805261804161  1.599796837506912  -0.431251286158729  1.290779940595252  -0.431251388637692  0.290779940595258  0.519805095989715  -0.018237151242974
3  1.629659373561135  1.243033961850296  1.884955515116234  1.366793879826330  2.052050976475784  0.779008565209097  1.243034027382429  1.366793755176807  0.434016987725894  2.317850295277898  0.743033908833689  2.317850372315541  1.743033908833686
4  0.894928042545587  -1.481762665749818  3.141592635117971  0.044277234193547  -1.481762650036747  0.632062471542002  -2.290779655269159  1.583118993545262  -1.981762678461959  1.583119012017085  -0.981762678461959  0.632062501430039  -0.672745666519265
5  1.523328127372045  -0.238728674058035  7.539822327636229  1.786193716584541  0.570288309544872  0.835137187626096  0.261271354143530  0.835137146646822  -0.738728645856469  1.786193650278683  -1.047745679205021  2.373978935724084  -0.238728708917088
6  -1.594970247406121  -0.672745861015098  5.654866770035971  -0.906779290383363  -1.172745865437177  -0.906779283957706  -0.172745865437177  -1.857835798267222  0.136271135048933  -2.445621055758161  -0.672745855549108  -1.857835808664154  -1.481762853700962
7  -0.587785671361090  1.963525577860882  4.398229814239642  -0.850651147154899  1.154508557406013  0.100405338481459  1.463525646139014  0.100405239267528  2.463525646139010  -0.850651307686412  2.772542546155900  -1.438436479713125  1.963525493464471
8  -0.218588328462338  -0.672745668486794  7.539822320734352  0.044277266333894  0.136271313301847  -0.906779264757348  -0.172745635535419  -0.906779312638500  -1.172745635535418  0.044277188860563  -1.481762675448046  0.632062479889701  -0.672745709216935
9  -0.643913677096765  -1.981762693793871  5.654866756050478  0.044277272933247  -2.481762707840640  0.044277293344397  -1.481762707840640  -0.906779216643364  -1.172745694053535  -1.494564485448804  -1.981762676431109  -0.906779249669299  -2.790779682803429

# vertex_x  vertex_y
[CONTAINER]
2.373978950148929  1.724796667872715
-0.906779270380098  2.790779632300617
-2.934399359537660  0.000000000000000
-0.906779270380099  -2.790779632300617
2.373978950148928  -1.724796667872716

