# Polygon packing solution
# Generated by polygon_packing.py
#
[HEADER]
inner_count            = 8
inner_sides            = 4
inner_circumradius     = 0.707106781186547
inner_side_length      = 1.0
container_sides        = 6
container_side_len     = 2.183091728967392
container_circumradius = 2.183091728967392
elapsed_seconds        = 1379.927

# id  cx  cy  angle_rad  [vertex_x  vertex_y  ...]
[POLYGONS]
1  -0.604543971292691  1.023243345481632  3.783231339597486  -1.171018573780593  0.600033557390462  -0.181334183201521  0.456768742993729  -0.038069368804788  1.446453133572801  -1.027753759383861  1.589717947969534
2  0.341574996503057  -1.408533069329895  2.879793322254112  -0.341437715722693  -1.225520406002942  0.158562333176105  -2.091545781555645  1.024587708728807  -1.591545732656848  0.524587659830010  -0.725520357104145
3  0.429291614062273  1.184976318039151  3.783230647376157  -0.137183281380335  0.761766922073885  0.852501010027540  0.618501422596542  0.995766509504882  1.608185714004417  0.006082218097007  1.751451213481760
4  -1.186971788167419  0.097131452372714  3.783231341927668  -1.753446389669166  -0.326078337038445  -0.763761998756261  -0.469343149129033  -0.620497186665673  0.520341241783872  -1.610181577578578  0.663606053874460
5  -0.853731169129201  -1.112839125962481  0.261800347917798  -0.170718642951204  -0.929825768297113  -1.036744526794568  -0.429826599784484  -1.536743695307197  -1.295852483627848  -0.670717811463834  -1.795851652140477
6  1.207600402522848  -0.908532269262310  2.879792440177543  0.524587851728546  -0.725519003465919  1.024587136726456  -1.591544820056612  1.890612953317150  -1.091545535058702  1.390613668319240  -0.225519718468008
7  1.131192506265486  0.202053669563123  2.879789631390950  0.448180469519086  0.385068853795288  0.948177322033322  -0.480958367183278  1.814204543011887  0.019038485330958  1.314207690497651  0.885065706309523
8  -0.077418377712061  -0.065014806227348  5.519068807022911  0.433108427680611  -0.554261554786347  0.411828370846939  0.445511999165324  -0.587945183104733  0.424231942331651  -0.566665126271060  -0.575541611620019

# vertex_x  vertex_y
[CONTAINER]
1.890612896077454  1.091545864483696
0.000000000000000  2.183091728967392
-1.890612896077454  1.091545864483697
-1.890612896077455  -1.091545864483696
-0.000000000000000  -2.183091728967392
1.890612896077455  -1.091545864483696

