# Polygon packing solution
# Generated by polygon_packing.py
#
[HEADER]
inner_count            = 7
inner_sides            = 5
inner_circumradius     = 0.850650808352040
inner_side_length      = 1.0
container_sides        = 5
container_side_len     = 3.078691752064806
container_circumradius = 2.618891627560686
elapsed_seconds        = 283.987

# id  cx  cy  angle_rad  [vertex_x  vertex_y  ...]
[POLYGONS]
1  0.992348016569994  1.181671622308307  3.141688030747850  0.141697212087056  1.181590489651831  0.729559623447672  0.372629560243444  1.680586662254369  0.681737262280396  1.680491285096457  1.681737257731994  0.729405299964419  1.990663541633871
2  -0.984523691082925  -1.078694057607367  5.654866809740263  -0.296332714208021  -1.578694034705312  -0.296332747486656  -0.578694034705312  -1.247389274065472  -0.269677071980227  -1.835174499434964  -1.078694085915865  -1.247389220219510  -1.887711060730121
3  1.430536856904240  -0.293990122268213  4.398229717023174  1.167671302460655  -1.103007117168224  2.118727818138558  -0.793990120893576  2.118727816141095  0.206009879106423  1.167671299228691  0.515026871581670  0.579886048552200  -0.293990123967356
4  -0.546418268890584  1.681694424642481  5.654866806789665  0.141772706509021  1.181694445513963  0.141772676180983  2.181694445513962  -0.809283849486050  2.490711411045232  -1.397069077242624  1.681694398843911  -0.809283800414253  0.872677422295338
5  -1.497404946443877  0.372698462381837  0.628233115435200  -0.809171281077404  0.872639678532505  -1.760201399129293  1.181737906541355  -2.348055751692840  0.372771120961073  -1.760339603959787  -0.436296076306138  -0.809256696360059  -0.127360317819609
6  -0.111660562158917  0.262331358484402  3.762463258652460  -0.803556363355799  -0.232529225959443  0.145172260427523  -0.548620982280616  0.738966652822956  0.255995833079179  0.157223145869104  1.069368129212403  -0.796108506558370  0.767443038370486
7  0.391858287452316  -1.206012613245714  0.000000140932401  1.242509095804347  -1.206012493361454  0.654723729495173  -0.396995581824501  -0.296332743249464  -0.706012710234123  -0.296332602317064  -1.706012710234113  0.654723957528587  -2.015029570574380

# vertex_x  vertex_y
[CONTAINER]
2.118727833122860  1.539345876032403
-0.809282019342517  2.490713947862411
-2.618891627560686  0.000000000000000
-0.809282019342518  -2.490713947862410
2.118727833122860  -1.539345876032404

