# Polygon packing solution
# Generated by polygon_packing.py
#
[HEADER]
inner_count            = 6
inner_sides            = 6
inner_circumradius     = 1.000000000000000
inner_side_length      = 1.0
container_sides        = 3
container_side_len     = 6.898981638498626
container_circumradius = 3.983128906121467
elapsed_seconds        = 407.989

# id  cx  cy  angle_rad  [vertex_x  vertex_y  ...]
[POLYGONS]
1  1.007200168504311  -0.048529237169044  2.964523888414556  0.022835925404560  0.127615694369319  0.362472061494343  -0.812941212501288  1.346836304594094  -0.989086144039650  1.991564411604062  -0.224674168707407  1.651928275514279  0.715882738163200  0.667564032414527  0.892027669701563
2  -2.251067687277735  0.000005866660131  3.665191663277197  -3.117092974017598  -0.499994336066967  -2.251067453188631  -0.999994133339842  -1.385042166448768  -0.499993930612745  -1.385042400537872  0.500006069387228  -2.251067921366839  1.000005866660104  -3.117093208106702  0.500005663933006
3  1.125538077159043  1.949488788882722  4.712390697824057  1.125539794598410  0.949488788884197  1.991564339661888  1.449490276229580  1.991562622222521  2.449490276228106  1.125536359719675  2.949488788881247  0.259511814656197  2.449487301535862  0.259513532095564  1.449487301537338
4  -0.545627642493034  -0.847996369108845  5.058918938289308  -0.205991555799837  -1.788553293816612  0.438736591355858  -1.024141352344486  0.099100504662662  -0.083584427636719  -0.885263729186231  0.092560555598922  -1.529991876341926  -0.671851385873205  -1.190355789648729  -1.612408310580971
5  -0.461572545963566  0.896525563611384  1.917326472048103  -0.801208808868770  1.837082424688792  -1.445936812812955  1.072670362427771  -1.106300549907751  0.132113501350363  -0.121936283058363  -0.044031297466025  0.522791720885823  0.720380764794996  0.183155457980618  1.660937625872405
6  1.125534216120065  -1.949486684495273  4.712387110408407  1.125532346143783  -2.949486684493525  1.991558684914848  -2.449488303941364  1.991560554891131  -1.449488303943113  1.125536086096347  -0.949486684497021  0.259509747325282  -1.449485065049181  0.259507877349000  -2.449485065047435

# vertex_x  vertex_y
[CONTAINER]
1.991564453060734  3.449490819249313
-3.983128906121467  0.000000000000000
1.991564453060731  -3.449490819249315

