# Polygon packing solution
# Generated by polygon_packing.py
#
[HEADER]
inner_count            = 11
inner_sides            = 3
inner_circumradius     = 0.577350269189626
inner_side_length      = 1.0
container_sides        = 5
container_side_len     = 1.957337738660338
container_circumradius = 1.665010929609370
elapsed_seconds        = 1033.913

# id  cx  cy  angle_rad  [vertex_x  vertex_y  ...]
[POLYGONS]
1  0.979617583086391  -0.147584047982554  1.213373412703076  1.181610029329134  0.393278582446102  0.410220582056128  -0.243084773378104  1.347022137873910  -0.592945953015661
2  0.777623668943726  -0.688446396801312  6.449360732371178  1.347020711642323  -0.592945919842158  0.410219308474270  -0.243084331464171  0.575630986714584  -1.229308939097606
3  -0.758934655607101  -0.507224267933804  0.733518627055056  -0.330065406794323  -0.120695484068880  -1.308113026134418  -0.329076995492450  -0.638625533892561  -1.071900324240081
4  -1.137547510418594  0.234800864189964  1.466024481911228  -1.077168064804385  0.808985203823722  -1.664995457803724  -0.000001171858589  -0.670479008647672  -0.104581439395240
5  0.147594499770760  1.064739742762564  2.303656339294605  -0.238651740752077  1.493863472024077  -0.030914430875007  0.515678821722796  0.712349670939365  1.184676934540820
6  0.208220289847046  -0.783951942285312  3.307782237974748  -0.361175400584754  -0.879460481437720  0.575630956247272  -1.229308805428427  0.410205313878621  -0.243086539989790
7  -0.527485399668700  0.993913253288262  1.466007373817366  -0.467096130863752  1.568096559860768  -1.054937363991913  0.759120240903061  -0.060422704150435  0.654522959100956
8  -0.587883734482993  0.419726313889984  4.607599058894515  -0.648273559391705  -0.154456934194483  -0.060431542760026  0.654518815431179  -1.054946101297248  0.759117060433257
9  0.777603353902747  0.466566165408452  0.166157357598225  1.347002121972191  0.562056354717787  0.410207040113956  0.911934868785488  0.575600899622093  -0.074292727277917
10  0.010941290783497  -0.198239068330853  4.354979654848368  -0.191043805898727  -0.739104443495141  0.580336994044283  -0.102730605661371  -0.356469315795065  0.247117844163954
11  0.212944022691482  0.342625463383707  5.402176660357120  0.580354386244136  -0.102731649602535  0.414929414517337  0.883490728327102  -0.356451732687027  0.247117311426554

# vertex_x  vertex_y
[CONTAINER]
1.347022137874010  0.978668869330169
-0.514516673069325  1.583519494307643
-1.665010929609370  0.000000000000000
-0.514516673069325  -1.583519494307643
1.347022137874010  -0.978668869330169

