# Polygon packing solution
# Generated by polygon_packing.py
#
[HEADER]
inner_count            = 6
inner_sides            = 6
inner_circumradius     = 1.000000000000000
inner_side_length      = 1.0
container_sides        = 8
container_side_len     = 2.164355231113646
container_circumradius = 2.827866387809541
elapsed_seconds        = 699.193

# id  cx  cy  angle_rad  [vertex_x  vertex_y  ...]
[POLYGONS]
1  0.617936271666220  1.665657210628450  6.086771885650080  1.598709087565834  1.470504235779633  1.277330113459208  2.417454897114305  0.296557297559595  2.612607871963122  -0.362836544233393  1.860810185477267  -0.041457570126768  0.913859524142595  0.939315245772847  0.718706549293778
2  0.038085231503489  0.015028858540048  5.039574768939039  0.359464617046469  -0.931921663160013  1.018858132194159  -0.180123690177128  0.697478746651179  0.766826831522932  -0.283294154039491  0.961979380240108  -0.942687669187181  0.210181407257223  -0.621308283644201  -0.736769114442836
3  -0.390729801219008  -1.665658398773707  1.897989355982622  -0.712116043275117  -0.718710204088775  -1.371504114912026  -1.470512951478646  -1.050117872855918  -2.417461146163578  -0.069343559162899  -2.612606593458639  0.590044512474010  -1.860803846068768  0.268658270417901  -0.913855651383835
4  -1.631834930621989  -0.453947172139414  5.039574996103939  -1.310455329965096  -1.400897620833335  -0.651061985599535  -0.649099498059407  -0.972441586256428  0.297850950634513  -1.953214531278882  0.493003276554506  -2.612607875644443  -0.258794846219422  -2.291228274987550  -1.205745294913341
5  1.631843673648259  -0.794638042994842  6.086727381667743  2.612607803492068  -0.989834665946460  2.291270972779198  -0.042869702905373  1.310506842935389  0.152326920046245  0.651079543804450  -0.599441420043224  0.972416374517320  -1.546406383084311  1.953180504361131  -1.741603006035930
6  -1.174180222402522  1.295834198205357  0.785421515376717  -0.467089953751666  2.002957491542001  -1.433021823714342  2.261753980294084  -2.140112092365198  1.554630686957441  -1.881270491053378  0.588710904868714  -0.915338621090702  0.329914416116631  -0.208248352439845  1.037037709453274

# vertex_x  vertex_y
[CONTAINER]
2.612607876373860  1.082177615556823
1.082177615556823  2.612607876373860
-1.082177615556823  2.612607876373860
-2.612607876373860  1.082177615556824
-2.612607876373860  -1.082177615556823
-1.082177615556825  -2.612607876373859
1.082177615556824  -2.612607876373860
2.612607876373859  -1.082177615556825

