# Polygon packing solution
# Generated by polygon_packing.py
#
[HEADER]
inner_count            = 8
inner_sides            = 5
inner_circumradius     = 0.850650808352040
inner_side_length      = 1.0
container_sides        = 8
container_side_len     = 1.959893581552317
container_circumradius = 2.560724368755176
elapsed_seconds        = 515.340

# id  cx  cy  angle_rad  [vertex_x  vertex_y  ...]
[POLYGONS]
1  0.752356043856568  -1.546158148558692  1.213313079736772  1.050013817382460  -0.749285104962921  0.086466053612168  -1.016821470590604  0.043155623591301  -2.015883133678227  0.979936069541323  -2.365800832695692  1.602208655155588  -1.583000200866017
2  -0.208683668890014  1.677609768362111  -0.314159394028206  0.600333291662219  1.414744108206956  0.291316419658980  2.365800664263079  -0.708683580341012  2.365800792932305  -1.017700697087663  1.414744316398137  -0.208683778342596  0.826958960010078
3  1.677608592990977  -0.442274909411935  0.628317983926744  2.365799826622068  0.057724714291219  1.414743479294834  0.366742228695468  0.826957784639064  -0.442274444283547  1.414742594568065  -1.251291760054185  2.365799279830854  -0.942275285708631
4  -0.647975565301374  -1.582600917663641  3.054842759500977  -1.495427575370246  -1.508899571812909  -0.979946783560926  -2.365800705710885  -0.005693051403616  -2.140346352509283  0.080948076926718  -1.144106765421093  -0.839758493098803  -0.753851192864033
5  -1.525594536492496  0.846896264380112  -0.785409218531792  -0.924100231195572  0.245388659735458  -0.767654847137606  1.233075270866213  -1.658656352345560  1.687075620774843  -2.365770950649359  0.979976656791967  -1.911790301134381  0.088965113732081
6  1.157295030417702  1.009465686865633  5.611799284538225  1.823320768202985  0.480299820281677  1.866374947700110  1.479372559189024  0.929504782252912  1.829049972092602  0.307432997463680  1.046089759457796  0.859841656468823  0.212516323307064
7  -0.111602027170918  -0.064386082318889  5.035545749961899  0.158531924415179  -0.871005227858132  0.739014349160371  -0.056732451350197  0.143973853202993  0.746963267296355  -0.804263822726453  0.429401761524762  -0.795266439906682  -0.570557761207230
8  -1.618145862964788  -0.574209540145985  6.152067682803514  -0.774796707530579  -0.685425545191958  -1.251763935428571  0.193495534036038  -2.235058534317913  0.011474294080237  -2.365800789487730  -0.979942098114843  -1.463309348059146  -1.410649885539399

# vertex_x  vertex_y
[CONTAINER]
2.365800832695792  0.979946790776159
0.979946790776159  2.365800832695792
-0.979946790776159  2.365800832695792
-2.365800832695792  0.979946790776159
-2.365800832695792  -0.979946790776158
-0.979946790776160  -2.365800832695792
0.979946790776159  -2.365800832695792
2.365800832695792  -0.979946790776160

