# Polygon packing solution
# Generated by polygon_packing.py
#
[HEADER]
inner_count            = 11
inner_sides            = 8
inner_circumradius     = 1.306562964876377
inner_side_length      = 1.0
container_sides        = 8
container_side_len     = 3.984661377571948
container_circumradius = 5.206210983508791
elapsed_seconds        = 2152.000

# id  cx  cy  angle_rad  [vertex_x  vertex_y  ...]
[POLYGONS]
1  3.169580439215752  1.843606379193863  5.078097544393376  3.636821846928004  0.623445632363503  4.362753945281623  1.311212008816955  4.389741186046111  2.310847786906114  3.701974809592659  3.036779885259734  2.702339031503500  3.063767126024223  1.976406933149880  2.376000749570769  1.949419692385392  1.376364971481611  2.637186068838842  0.650432873127992
2  -1.492330747262172  3.602805088729743  5.105088025937955  -0.992330790893601  2.395698289470467  -0.285223984148355  3.102805045098315  -0.285223948002896  4.102805045098314  -0.992330703630744  4.809911851843561  -1.992330703630744  4.809911887989019  -2.699437510375989  4.102805132361172  -2.699437546521449  3.102805132361173  -1.992330790893600  2.395698325615926
3  1.067145200513830  3.452892268720642  2.839319370041184  -0.180181100076889  3.841844555050494  -0.089878484208047  2.845930182442465  0.678192914183978  2.205565968129923  1.674107286792008  2.295868583998765  2.314471501104549  3.063939982390790  2.224168885235708  4.059854354998819  1.456097486843683  4.700218569311360  0.460183114235653  4.609915953442519
4  -3.532020536668095  -1.348825438797795  2.108257173687877  -4.200923916901825  -0.226472976734991  -4.798629689595995  -1.028188518113643  -4.654372998730900  -2.017728819031524  -3.852657457352248  -2.615434591725695  -2.863117156434366  -2.471177900860599  -2.265411383740195  -1.669462359481948  -2.409668074605291  -0.679922058564066  -3.211383615983943  -0.082216285869895
5  -1.018794740771069  -1.161190577144492  2.558172937811211  -2.109230863551733  -0.441429614517578  -2.298797375146891  -1.423297496506618  -1.738555703397983  -2.251626699925155  -0.756687821408944  -2.441193211520314  0.071641382009594  -1.880951539771406  0.261207893604753  -0.899083657782367  -0.299033778144155  -0.070754454363829  -1.280901660133194  0.118812057231330
6  1.539288520132857  -3.129332021586055  -0.942224071053715  2.307535132734122  -4.186168775022095  2.829817344488605  -3.333396067153905  2.596125273568898  -2.361085408984790  1.743352565700708  -1.838803197230306  0.771041907531593  -2.072495268150014  0.248759695777109  -2.925267976018203  0.482451766696817  -3.897578634187319  1.335224474565006  -4.419860845941803
7  3.602805039601766  -1.492323080937653  1.178097239353748  4.102805046533486  -0.285216302622317  3.102805046533486  -0.285216296879893  2.395698261286431  -0.992323074005934  2.395698255544007  -1.992323074005934  3.102805032670047  -2.699429859252988  4.102805032670047  -2.699429864995412  4.809911817917102  -1.992323087869372  4.809911823659526  -0.992323087869372
8  1.439556171739392  -0.250625839602320  -0.196803832954710  2.720897965326200  -0.506105758958597  2.526253226436173  0.474768048226829  1.695036091095669  1.030715953984487  0.714162283910242  0.836071215094460  0.158214378152584  0.004854079753956  0.352859117042611  -0.976019727431470  1.184076252383114  -1.531967633189128  2.164950059568542  -1.337322894299101
9  -3.261110980948047  1.256267805738715  -0.530801118194952  -2.134328725965399  0.594853766696024  -1.996665255350076  1.585332826978544  -2.599696941905355  2.383050060721363  -3.590176002187875  2.520713531336686  -4.387893235930694  1.917681844781407  -4.525556706546018  0.927202784498887  -3.922525019990739  0.129485550756068  -2.932045959708219  -0.008177919859256
10  -1.492330716192431  -3.602804987985588  3.534291676271064  -2.699437526887704  -4.102804916745219  -1.992330787432799  -4.809911739663407  -0.992330787432801  -4.809911798680861  -0.285223964514613  -4.102805059225956  -0.285223905497159  -3.102805059225958  -0.992330644952063  -2.395698236307770  -1.992330644952062  -2.395698177290316  -2.699437467870249  -3.102804916745219
11  -0.528217438961180  1.281346800648155  3.136407148763996  -1.834762837490433  1.288121958844243  -1.456875310493361  0.362270449724105  -0.534992597157268  -0.025198597881098  0.390858911962870  0.352688929115974  0.778327959568073  1.274571642452067  0.400440432571001  2.200423151572205  -0.521442280765092  2.587892199177409  -1.447293789885230  2.210004672180336

# vertex_x  vertex_y
[CONTAINER]
4.809911769599228  1.992330688785974
1.992330688785974  4.809911769599228
-1.992330688785974  4.809911769599228
-4.809911769599228  1.992330688785975
-4.809911769599229  -1.992330688785974
-1.992330688785977  -4.809911769599228
1.992330688785975  -4.809911769599228
4.809911769599228  -1.992330688785977

