# Polygon packing solution
# Generated by polygon_packing.py
#
[HEADER]
inner_count            = 7
inner_sides            = 5
inner_circumradius     = 0.850650808352040
inner_side_length      = 1.0
container_sides        = 6
container_side_len     = 2.365272390617781
container_circumradius = 2.365272390617782
elapsed_seconds        = 188.073

# id  cx  cy  angle_rad  [vertex_x  vertex_y  ...]
[POLYGONS]
1  -0.048740490003436  -0.028322697560042  1.696866901416216  -0.155698671488146  0.815577027030186  -0.884388717940873  0.130733383414563  -0.458241316022682  -0.773920357990609  0.533822309032949  -0.648183474613141  0.720803946401571  0.334179934358788
2  0.088917170274976  -1.519281487570618  2.094395238465623  -0.336408334143585  -0.782596335663050  -0.743144852911034  -1.696141848651285  0.000000063616579  -2.365272353888616  0.866025399364796  -1.865272236046442  0.658113575448121  -0.887124663603694
3  -1.360194968179193  0.682636085602368  2.513274220331979  -2.048385977144849  1.182636018531175  -2.048385879684704  0.182636018531180  -1.097329333272714  -0.126380883153661  -0.509544159827157  0.682636168506919  -1.097329490966540  1.491653105596226
4  1.360194918008246  -0.682636254425846  5.654866972663111  2.048385976344561  -1.182636119401749  2.048385780143078  -0.182636119401769  1.097329203218350  0.126380688374473  0.509544109656223  -0.682636421324797  1.097329520679019  -1.491653300375390
5  -1.271277772591817  -0.836645352139462  4.817108732099546  -1.182360553697824  -1.682636206661033  -0.439215725942172  -1.013505602832436  -0.845952365907529  -0.099960143804977  -1.840474261631701  -0.204488603686479  -2.048385955779861  -1.182636203712386
6  -0.088917250974385  1.519281482635594  5.235987747138300  0.336408146685884  0.782596269091088  0.743144797841709  1.696141723136230  -0.000000021717434  2.365272336067973  -0.866025429924216  1.865272343727699  -0.658113747757869  0.887124741154979
7  1.271277707324233  0.836645288583034  1.675516105995346  1.182360465177679  1.682636140660661  0.439215655813478  1.013505516406289  0.845952320888174  0.099960068558228  1.840474213739319  0.204488555774754  2.048385881002512  1.182636161515237

# vertex_x  vertex_y
[CONTAINER]
2.048385977144949  1.182636195308891
0.000000000000000  2.365272390617782
-2.048385977144949  1.182636195308892
-2.048385977144950  -1.182636195308890
-0.000000000000000  -2.365272390617782
2.048385977144950  -1.182636195308890

