# Polygon packing solution
# Generated by polygon_packing.py
#
[HEADER]
inner_count            = 8
inner_sides            = 5
inner_circumradius     = 0.850650808352040
inner_side_length      = 1.0
container_sides        = 6
container_side_len     = 2.719695015300227
container_circumradius = 2.719695015300227
elapsed_seconds        = 442.210

# id  cx  cy  angle_rad  [vertex_x  vertex_y  ...]
[POLYGONS]
1  -1.054820181052820  -1.316039693847240  4.817108967051190  -0.965902763391887  -2.162030527477540  -0.222758092849591  -1.492899749045864  -0.629494947453945  -0.579354385581872  -1.624016818618956  -0.683883079127925  -1.831928282949723  -1.662030728003000
2  0.418561972646370  1.683383495089629  4.188790471927803  -0.006763234730508  0.946698171684992  0.987758632713848  1.051226900630625  1.195670062227869  2.029374556906218  0.329644524872756  2.529374325554951  -0.413500121852117  1.860243520671359
3  1.667131782980800  -0.802545350357052  3.141596858834796  0.816480974636282  -0.802548927552112  1.404269629038230  -1.611563450138912  2.355324845832803  -1.302542456341034  2.355320640587800  -0.302542456349876  1.404262824808886  0.006470538596677
4  -1.523262875307943  0.018688371405969  1.675516371613537  -1.612180342165053  0.864679199865530  -2.355324973795962  0.195548378218402  -1.948588066066991  -0.717996961592970  -0.954066200980549  -0.613468210213342  -0.746154793531160  0.364679450752227
5  0.465432889828835  -1.490194758074297  6.283182732201859  1.316083698178055  -1.490196948481182  0.728300529088272  -0.681178440574984  -0.222756782915606  -0.990192985999559  -0.222759357893334  -1.990192985996244  0.728296362686788  -2.299212429319515
6  -0.892327893158801  1.243726826217850  2.303834877859337  -1.461524552015959  1.875883421766633  -1.669435983402731  0.897735765889105  -0.803410447004912  0.397735995582288  -0.060265798998928  1.066866799043063  -0.467002684371473  1.980412148808164
7  1.667133391491613  0.815485922612890  5.654867954504648  2.355324940748233  0.315486733331795  2.355323762705212  1.315486733331101  1.404266882375405  1.624502607320343  0.816482583140164  0.815484920509642  1.404268788489053  0.006468618571571
8  0.124175182855423  0.170164150255934  3.134879868791388  -0.726456459776499  0.175874343185808  -0.144115166866177  -0.637070069779515  0.808994270505801  -0.334444227537858  0.815707004889650  0.665533241806872  -0.133253734475659  0.980927463604365

# vertex_x  vertex_y
[CONTAINER]
2.355324973795904  1.359847507650113
0.000000000000000  2.719695015300227
-2.355324973795904  1.359847507650114
-2.355324973795905  -1.359847507650113
-0.000000000000000  -2.719695015300227
2.355324973795905  -1.359847507650113

