# Polygon packing solution
# Generated by polygon_packing.py
#
[HEADER]
inner_count            = 5
inner_sides            = 6
inner_circumradius     = 1.000000000000000
inner_side_length      = 1.0
container_sides        = 6
container_side_len     = 2.666666753085339
container_circumradius = 2.666666753085340
elapsed_seconds        = 25.977

# id  cx  cy  angle_rad  [vertex_x  vertex_y  ...]
[POLYGONS]
1  -1.443375368172644  0.833333581157154  167.028009390617683  -2.309400784576911  0.333333603015339  -1.443375393412295  -0.166666418842845  -0.577349977008028  0.333333559298980  -0.577349951768371  1.333333559298961  -1.443375342932981  1.833333581157154  -2.309400759337254  1.333333603015338
2  0.577350138856334  -1.333333493100558  167.028009412567286  -0.288675266573132  -1.833333490251288  0.577350135566285  -2.333333493100559  1.443375540995751  -1.833333495949819  1.443375544285805  -0.833333495949838  0.577350142146393  -0.333333493100558  -0.288675263283078  -0.833333490251288
3  0.288675456090341  1.499999886689780  164.933614289019033  0.288675480535453  2.499999886689780  -0.577349935471545  1.999999907859862  -0.577349959916648  0.999999907859857  0.288675431645218  0.499999886689780  1.154700847652221  0.999999865519688  1.154700872097335  1.999999865519693
4  -1.154700674065276  -0.999999983839333  164.933614271477751  -1.154700632078882  0.000000016160666  -2.020726056856520  -0.499999947478055  -2.020726098842905  -1.499999947478059  -1.154700716051681  -1.999999983839333  -0.288675291274037  -1.500000020200621  -0.288675249287641  -0.500000020200617
5  1.443375745404305  0.166666394517067  167.028009420678558  0.577350344030475  -0.333333609658230  1.443375750225528  -0.833333605482933  2.309401151599359  -0.333333601307626  2.309401146778141  0.666666398692354  1.443375740583093  1.166666394517067  0.577350339209257  0.666666390341770

# vertex_x  vertex_y
[CONTAINER]
2.309401151599269  1.333333376542670
0.000000000000000  2.666666753085340
-2.309401151599269  1.333333376542671
-2.309401151599270  -1.333333376542669
-0.000000000000000  -2.666666753085340
2.309401151599270  -1.333333376542669

