# Polygon packing solution
# Generated by polygon_packing.py
#
[HEADER]
inner_count            = 7
inner_sides            = 5
inner_circumradius     = 0.850650808352040
inner_side_length      = 1.0
container_sides        = 4
container_side_len     = 4.180371565871656
container_circumradius = 2.955969082107274
elapsed_seconds        = 826.557

# id  cx  cy  angle_rad  [vertex_x  vertex_y  ...]
[POLYGONS]
1  1.323894828454804  1.257084001396232  5.665092182894973  2.017162424867013  0.764147050544688  2.006937196625674  1.764094771531847  1.052770631328412  2.063370840853846  0.473288491287298  1.248385902727153  1.069315398165624  0.445421441323627
2  -1.239534960357085  -1.281168362946675  1.884955660493489  -1.502400571704560  -0.472151386535860  -2.090185768709123  -1.281168421079822  -1.502400461128743  -2.090185375285751  -0.551343965951694  -1.781168315915970  -0.551344034291306  -0.781168315915973
3  0.136846990168343  -1.281168810360325  5.026548329354267  0.399712613870303  -2.090185782756923  0.987497798520380  -1.281168739236902  0.399712478585514  -0.472151794007034  -0.551344011872540  -0.781168867900384  -0.551343928261943  -1.781168867900381
4  1.401994773115612  -0.680854389631973  1.884955499460703  1.139129292046399  0.128162629108813  0.551343964763576  -0.680854310782450  1.139129142065694  -1.489871359641074  2.090185687004610  -1.180854453422575  2.090185779697783  -0.180854453422579
5  -1.281168725263947  0.216039645523467  2.827433629026763  -2.090185782935832  0.478905006775011  -1.781168559550337  -0.472151435110074  -0.781168559550366  -0.472151194314125  -0.472151794185984  0.478905396391041  -1.281168930097216  1.066690453875482
6  -0.571854012682639  1.401994486054146  2.199114184220266  -1.071853549328653  2.090185782935872  -1.380871184042834  1.139129474699786  -0.571854585419524  0.551343677702299  0.237162804706694  1.139128385289492  -0.071853549328879  2.090185109643282
7  0.271552973452080  0.239225783381771  -1.075066884691245  0.676184945083619  -0.509025354461369  1.108220249624648  0.392831339049380  0.384009815769984  1.082410375488307  -0.495612151900536  0.606736964426217  -0.315037991317314  -0.376824407593681

# vertex_x  vertex_y
[CONTAINER]
2.090185782935828  2.090185782935828
-2.090185782935828  2.090185782935828
-2.090185782935829  -2.090185782935828
2.090185782935827  -2.090185782935829

