# Polygon packing solution
# Generated by polygon_packing.py
#
[HEADER]
inner_count            = 10
inner_sides            = 4
inner_circumradius     = 0.707106781186547
inner_side_length      = 1.0
container_sides        = 8
container_side_len     = 1.719578561522812
container_circumradius = 2.246737663681100
elapsed_seconds        = 2708.452

# id  cx  cy  angle_rad  [vertex_x  vertex_y  ...]
[POLYGONS]
1  -0.711867456738716  1.382551272597714  3.340665872853869  -1.405009076861485  1.242713171732526  -0.572029355873528  0.689409652474945  -0.018725836615946  1.522389373462902  -0.851705557603904  2.075692892720483
2  0.481284444105432  1.454219771278183  0.785423608283289  0.981271721500653  1.954232493559241  -0.018728278175626  1.954207048673403  -0.018702833289788  0.954207048997124  0.981297166386491  0.954232493882962
3  1.368096668665878  -0.857228943274126  4.715944854964225  1.370611046395374  -1.564331254050037  2.075198979441789  -0.854714565544630  1.365582290936382  -0.150126632498215  0.660994357889967  -0.859743321003623
4  -1.382462768153989  -0.720439542546921  4.910779726904132  -1.243097750082112  -1.413676436932834  -0.689225873768076  -0.581074524475043  -1.521827786225866  -0.027202648161008  -2.075699662539902  -0.859804560618798
5  0.575714084902178  0.454188334104395  2.356195883744757  0.075713388126458  0.954187637327704  0.075714781678869  -0.045812362671325  1.075714781677898  -0.045810969118913  1.075713388125486  0.954189030880116
6  1.575714261492147  0.358113662553195  3.926992130789076  1.075714918393496  -0.141886994347291  2.075714918392633  -0.141885680545456  2.075713604590798  0.858114319453681  1.075713604591661  0.858113005651846
7  -0.591065707313852  -1.392997705522000  3.405001658338848  -1.273782944189010  -1.577109558680748  -0.406953854155103  -2.075714942397158  0.091651529561307  -1.208885852363251  -0.775177560472601  -0.710280468646841
8  -1.382570728436697  0.627529875401639  4.911457902061557  -1.242735606409361  -0.065612345681163  -0.689428507353895  0.767364997428975  -1.522405850464033  1.320672096484441  -2.075712949519499  0.487694753374303
9  0.184939936933432  -0.684823101431569  1.835731024235394  -0.000213318237783  -0.002387557149545  -0.497495607348593  -0.869976356602784  0.370093192104646  -1.367258645713594  0.867375481215456  -0.499669846260355
10  -0.617427555079573  -0.027901455780656  4.911459961639215  -0.477591005472301  -0.721043388860695  0.075714378000466  0.111935093826616  -0.757264104686845  0.665240477299383  -1.310569488159611  -0.167738005387928

# vertex_x  vertex_y
[CONTAINER]
2.075714942397195  0.859789280761406
0.859789280761406  2.075714942397195
-0.859789280761406  2.075714942397195
-2.075714942397195  0.859789280761406
-2.075714942397195  -0.859789280761406
-0.859789280761407  -2.075714942397195
0.859789280761406  -2.075714942397195
2.075714942397195  -0.859789280761407

