# Polygon packing solution
# Generated by DEM Polygon Packing Suite
#
[HEADER]
inner_count            = 13
inner_sides            = 5
inner_circumradius     = 0.8506508083520399
inner_side_length      = 1.0
container_sides        = 6
container_side_len     = 3.40902024257035
container_circumradius = 3.40902024257035
packing_efficiency_pct = 74.076640
elapsed_seconds        = 269.531

# id  cx  cy  angle_rad  [vertex_x  vertex_y  ...]
[POLYGONS]
1  2.105735689717992  0.2576372939830401  0.098081774825102  2.952298132081257  0.3409369274151361  2.28811521202721  1.088507023599085  1.371889990993793  0.6878433936770952  1.469814583099303  -0.3073504438545536  2.446560530388395  -0.5217504309215627
2  -2.21845212904826  1.274304199495524  0.09808177946794105  -1.371889687071741  1.357603836858074  -2.036072610596636  2.105173929958328  -2.952297829769837  1.704510295782452  -2.854373233043801  0.7093164587054515  -1.877627284759285  0.4949164761733165
3  2.252891225013653  -1.220323377685448  0.6511098591069745  2.929508776779361  -0.7047698049186996  1.971656962322564  -0.4175070305433516  1.402461340103836  -1.239709161194346  2.008530913781814  -2.03512079793459  2.952298132080691  -1.704510093836251
4  -0.4690200495422008  -0.9152273319250668  0.5938967724891331  0.2359707274342584  -0.4392075822002184  -0.7038876034398817  -0.09764306723053458  -1.319166957681974  -0.8859522174016036  -0.7595721803055349  -1.714718580819553  0.2015557662821286  -1.438615211973424
5  0.8907254289130426  -1.933977179251829  0.4188790201296301  1.667833611043809  -1.587986325304222  0.801808207433875  -1.087986325001972  0.05866338172294829  -1.757116931101466  0.4654000244799127  -2.670662388886021  1.459921919884668  -2.566133925965465
6  -1.708031735063361  -1.539841295590674  1.222215303728048  -1.417479604716527  -0.7403500465448229  -2.378607551160353  -1.016453415891657  -2.413022511791835  -2.015861045682792  -1.473164180739755  -2.35742556016285  -0.8578848269083365  -1.569116409671248
7  -0.5298243060057318  0.5687244703922657  0.09808177412556073  0.3167381364158052  0.6520241032321563  -0.3474447831152858  1.399594199880729  -1.263670004428984  0.9989305705996759  -1.165745413019653  0.00373673299952511  -0.1889994658805424  -0.2106632547507583
8  1.614203805320494  1.544922280667305  0.7264003055193076  2.250124911952603  2.109910018489793  1.273378964668603  2.324310005580003  0.7676413629552498  1.461622647255317  1.43182428299154  0.7140525510555917  2.348049504034474  1.114716180955819
9  0.4204308901843464  2.230117759002772  0.09808177473420622  1.266993332555184  2.313417392357919  0.6028104125690875  3.06098748860224  -0.3134148085007485  2.660323858763531  -0.215490216485697  1.665130021222981  0.7612557307839067  1.45073003406719
10  -0.4212731122418398  -2.371143625365339  1.047197550924065  0.004052292134951263  -1.63445841569862  -0.9904696032618096  -1.738986878695233  -1.198381294346146  -2.717134479372376  -0.3323558906979748  -3.217134479608397  0.4107889349617801  -2.54800387345207
11  -2.105735683020021  -0.1595879699610612  0.7264002258689276  -1.469814531386426  0.4053997172100677  -2.446560461593382  0.6197997820984629  -2.95229813202011  -0.2428875359440285  -2.288115271528064  -0.9904576850461735  -1.371890018572122  -0.5897941281236346
12  -0.9297293828861584  1.89607769451783  0.7264003054916803  -0.2938082762384404  2.46106543232275  -1.270554223516517  2.675465419439945  -1.776291825253704  1.812778061129231  -1.112108905238067  1.065207964911155  -0.1958836841840636  1.46587159478607
13  0.745782499457143  0.02312126655186676  0.7264003058834086  1.381703605883539  0.5881090046058948  0.4049576585214764  0.8025089913404706  -0.1007799428777717  -0.06017836716835512  0.5634029774307098  -0.8077484631262511  1.479628198327762  -0.4070848328924251

# vertex_x  vertex_y
[CONTAINER]
2.952298132081312  1.704510121285175
2.087422864146156e-16  3.40902024257035
-2.952298132081312  1.704510121285176
-2.952298132081313  -1.704510121285174
-6.262268592438468e-16  -3.40902024257035
2.952298132081312  -1.704510121285177

