# Polygon packing solution
# Generated by polygon_packing.py
#
[HEADER]
inner_count            = 10
inner_sides            = 5
inner_circumradius     = 0.850650808352040
inner_side_length      = 1.0
container_sides        = 5
container_side_len     = 3.683281884299456
container_circumradius = 3.133186712267757
elapsed_seconds        = 914.233

# id  cx  cy  angle_rad  [vertex_x  vertex_y  ...]
[POLYGONS]
1  -1.025348202248916  -1.730370265927684  3.141592468690117  -1.875999010600941  -1.730370108642625  -1.288213907895459  -2.539387211698861  -0.337157334463179  -2.230370393173961  -0.337157149563503  -1.230370393173978  -1.288213608721498  -0.921353222948994
2  1.827821031284854  -1.347745471766521  6.911503119417729  2.516012350760171  -0.847745966217965  1.564956056487736  -0.538728288528186  0.977170222933033  -1.347744860591085  1.564954893962973  -2.156762277277664  2.516011632280355  -1.847745966217707
3  -1.292911205258252  1.137263562071427  4.753005002738054  -1.258370651541672  0.287314300115791  -0.473887803061544  0.907464814459288  -0.821267458835692  1.845189387430603  -1.820442741584481  1.804584531269360  -2.090587371267873  0.841764777082096
4  -0.088677650874805  1.854168375618159  1.610808852768719  -0.122705257030167  2.704138327892541  -0.907562221220341  2.084461359011024  -0.560748542055839  1.146527314451183  0.438451063621398  1.186529164589059  0.709176702310922  2.149185712146988
5  -0.906153883151736  -0.321885151239605  5.026548060371942  -0.643288477061051  -1.130902194342381  -0.055503074799710  -0.321885308926215  -0.643288177123296  0.487131794407486  -1.594344750701447  0.178114976331533  -1.594344936073174  -0.821885023668450
6  1.378018959414911  1.493895451498482  4.398229781848515  1.115153457416128  0.684878439558123  2.066209953061898  0.993895497485333  2.066209886239094  1.993895497485330  1.115153349294561  2.302912428308014  0.527368151062873  1.493895394655611
7  -2.282535839894582  0.000000010382922  1.884955598661890  -2.545401401219243  0.809017003047137  -3.133186648246622  0.000000004846875  -2.545401390689055  -0.809016985702758  -1.594344876404989  -0.499999985138322  -1.594344882913002  0.500000014861678
8  1.684150488422248  0.146149934679095  1.256636969589459  1.947016118787159  0.955166904910769  0.995959574109893  0.646149997886996  0.995959482263435  -0.353850002113000  1.947015970176468  -0.662867083839119  2.534801296774284  0.146149856549831
9  0.302823226226848  0.355741423870566  3.141592512586265  -0.547827582125184  0.355741543815331  0.039957556093033  -0.453275533439403  0.991014115960663  -0.144258673166783  0.991014256964192  0.855741326833207  0.039957784241535  1.164758455310476
10  0.351033872059315  -1.656762780690677  1.256636800317541  0.613899639368077  -0.847745854954784  -0.337156957617060  -1.156762600991388  -0.337157218735436  -2.156762600991354  0.613899216869669  -2.465779843704624  1.201684680411326  -1.656763002811235

# vertex_x  vertex_y
[CONTAINER]
2.534801296774384  1.841640942149728
-0.968207940640505  2.979837639471639
-3.133186712267757  0.000000000000000
-0.968207940640506  -2.979837639471639
2.534801296774384  -1.841640942149729

