# Polygon packing solution
# Generated by polygon_packing.py
#
[HEADER]
inner_count            = 11
inner_sides            = 6
inner_circumradius     = 1.000000000000000
inner_side_length      = 1.0
container_sides        = 3
container_side_len     = 9.548326019515676
container_circumradius = 5.512728597677683
elapsed_seconds        = 974.938

# id  cx  cy  angle_rad  [vertex_x  vertex_y  ...]
[POLYGONS]
1  1.890338827056205  3.274162955632621  2.617993854876017  1.024313434829505  3.774162975651212  1.024313411714028  2.774162975651212  1.890338803940727  2.274162955632621  2.756364219282905  2.774162935614031  2.756364242398383  3.774162935614030  1.890338850171683  4.274162955632621
2  0.858995165544504  1.869607462675024  1.570799834741393  0.858991657598008  2.869607462668871  -0.007031992207855  2.369604424701167  -0.007028484261359  1.369604424707320  0.858998673490999  0.869607462681177  1.725022323296862  1.369610500648881  1.725018815350366  2.369610500642728
3  -1.492144315676313  -1.321285212642058  2.617993585820907  -2.358169573375421  -0.821284959614929  -2.358169865546008  -1.821284959614887  -1.492144607846901  -2.321285212642016  -0.626119057977205  -1.821285465669189  -0.626118765806618  -0.821285465669231  -1.492144023505726  -0.321285212642101
4  1.760467948933945  -1.392738478325585  3.050967359970099  0.764571611106473  -1.302237183849589  1.184143359928620  -2.209959359182067  2.180039697756091  -2.300460653658063  2.756364286761416  -1.483239772801581  2.336792537939270  -0.575517597469104  1.340896200111798  -0.485016302993107
5  1.890336774703801  0.465053339993025  -0.523594615991332  2.756364258284231  -0.034943057677346  2.756360098677265  0.965056942314003  1.890332615096835  1.465053339984375  1.024309291123371  0.965049737663397  1.024313450730338  -0.034950262327952  1.890340934310768  -0.534946659998324
6  0.202130044993806  -2.149515047325935  0.956553991244708  0.778469561531070  -1.332304693942185  -0.217425123003548  -1.241785208107948  -0.793764639540812  -2.058995561491698  -0.374209471543458  -2.966725400709685  0.621685212991160  -3.057244886543923  1.198024729528424  -2.240034533160173
7  0.122583063293453  -0.269872566915132  6.084900549528515  1.102988965312036  -0.466860554587294  0.783382615867212  0.480689856417078  -0.197023286151372  0.677677844089239  -0.857822838725131  -0.072884579242971  -0.538216489280307  -1.020434990247342  0.442189412738277  -1.217422977919504
8  -2.048625645766452  0.357430092095749  5.759585916628006  -1.182600549458818  -0.142570440469321  -1.182599934505536  0.857429559530490  -2.048625030813171  1.357430092095560  -2.914650742074086  0.857430624660819  -2.914651357027369  -0.142569375338992  -2.048626260719734  -0.642569907904062
9  -0.873056919334446  1.678715427753945  0.523598389654895  -0.007031322578369  2.178715093517116  -0.873056533391042  2.678715427753871  -1.739082130147118  2.178715761990700  -1.739082516090522  1.178715761990774  -0.873057305277849  0.678715427754019  -0.007031708521773  1.178715093517191
10  -3.780676691526238  -0.000000116638721  2.617993392011049  -4.646701852320352  0.500000304232632  -4.646702338300797  -0.499999695767250  -3.780677177506683  -1.000000116638603  -2.914651530732124  -0.500000537510073  -2.914651044751678  0.499999462489808  -3.780676205545793  0.999999883361162
11  1.890298275849758  -3.274131852938967  3.665200828406149  1.024277571712601  -3.774139992878493  1.890307675067814  -4.274131852894794  2.756328379204970  -3.774123712955268  2.756318979986914  -2.774123712999440  1.890288876631702  -2.274131852983139  1.024268172494545  -2.774139992922665

# vertex_x  vertex_y
[CONTAINER]
2.756364298838842  4.774163009757838
-5.512728597677683  0.000000000000001
2.756364298838838  -4.774163009757840

