# Polygon packing solution
# Generated by polygon_packing.py
#
[HEADER]
inner_count            = 8
inner_sides            = 4
inner_circumradius     = 0.707106781186547
inner_side_length      = 1.0
container_sides        = 8
container_side_len     = 1.569628785065026
container_circumradius = 2.050818839169866
elapsed_seconds        = 532.399

# id  cx  cy  angle_rad  [vertex_x  vertex_y  ...]
[POLYGONS]
1  -0.828907312224019  1.143509794782039  4.712389004546695  -0.828907295138901  0.436403013595492  -0.121800531037472  1.143509811867157  -0.828907329309137  1.850616575968586  -1.536014093410566  1.143509777696921
2  0.254479172894076  -1.241257078964578  1.962863406020709  -0.015705947652000  -0.587804708370132  -0.398973197700370  -1.511442199510655  0.524664293440153  -1.894709449559025  0.907931543488523  -0.971071958418502
3  -1.187602769281735  0.087981678183636  3.141578512913934  -1.894709550397586  0.087991677151427  -1.187612768249525  -0.619125102932215  -0.480495988165883  0.087971679215846  -1.187592770313944  0.795088459299488
4  1.194020182817020  -0.548446027412189  6.675255507752093  1.847471710066851  -0.278258867216032  0.923833022620863  0.105005499837641  0.540568655567189  -0.818633187608346  1.464207343013177  -1.201897554662020
5  1.241258046974584  0.514627076088776  3.533663025450709  0.587806566004692  0.244439803963950  1.511445319099410  -0.138824404881116  1.894709527944476  0.784814348213602  0.971070774849759  1.168078557058668
6  0.433103210427188  1.176208734737898  1.962873990527683  0.162911173425072  1.829658245519448  -0.220346300354362  0.906016697735782  0.703295247429304  0.522759223956348  1.086552721208738  1.446400771740014
7  -0.916894371733554  -1.055510646062729  4.712371827651487  -0.916906500547517  -1.762617427145255  -0.209787590651028  -1.055522774876692  -0.916882242919591  -0.348403864980202  -1.624001152816080  -1.055498517248765
8  0.020528764298104  0.052143657766877  5.460900517687250  0.501749516136765  -0.465955355935942  0.538627778000924  0.533364409605538  -0.460691987540556  0.570242671469696  -0.497570249404715  -0.429077094071783

# vertex_x  vertex_y
[CONTAINER]
1.894709550397595  0.784814392532513
0.784814392532513  1.894709550397595
-0.784814392532513  1.894709550397595
-1.894709550397595  0.784814392532513
-1.894709550397595  -0.784814392532513
-0.784814392532514  -1.894709550397595
0.784814392532514  -1.894709550397595
1.894709550397595  -0.784814392532515

