# Polygon packing solution
# Generated by polygon_packing.py
#
[HEADER]
inner_count            = 11
inner_sides            = 4
inner_circumradius     = 0.707106781186547
inner_side_length      = 1.0
container_sides        = 5
container_side_len     = 2.890797783776069
container_circumradius = 2.459059471551399
elapsed_seconds        = 2007.955

# id  cx  cy  angle_rad  [vertex_x  vertex_y  ...]
[POLYGONS]
1  0.478813620314265  -1.406693611664380  1.106775721487630  0.795277267905292  -0.774356075412274  -0.153523915937840  -1.090229964073353  0.162349972723239  -2.039031147916485  1.111151156566371  -1.723157259255406
2  -0.412154901309596  1.699986917424539  6.754424115311672  0.217881882887177  2.021006621740315  -0.733174605625373  2.330023701621312  -1.042191685506370  1.378967213108764  -0.091135196993820  1.069950133227766
3  -0.267297244757696  0.464725415197997  1.727865978989630  -0.377906145411659  1.163127642496938  -0.965699472056637  0.354116514544035  -0.156688344103734  -0.233676812100944  0.431104982541245  0.575334315851959
4  -0.726652509709390  -0.437643528454823  3.298598407302908  -1.425061803323338  -0.548207802041124  -0.616088236123089  -1.136052822068771  -0.028243216095442  -0.327079254868522  -0.837216783295691  0.260765765159125
5  1.489420440015183  -0.857508552202742  0.785399088695118  1.989419977366134  -0.357508089554121  0.989419977366563  -0.357509014851791  0.989420902664232  -1.357509014851363  1.989420902663804  -1.357508089553693
6  -1.662547488436315  -0.024462678695956  0.157005241800600  -0.964138138223223  0.086101237365873  -1.773111404498143  0.673946671517136  -2.360956838649406  -0.135026594757784  -1.551983572374486  -0.722872028909047
7  -0.502407488481213  -1.625187387980905  -0.464020914852448  0.129929949811064  -1.941651231308954  -0.185943645153164  -0.992849949688627  -1.134744926773491  -1.308723544652856  -0.818871331809262  -2.257524826273182
8  1.359523043149973  0.679678570113969  2.042467861167714  1.038230735449348  1.309576381677406  0.729625231586536  0.358386262413345  1.680815350850597  0.049780758550533  1.989420854713409  1.000970877814594
9  0.541683148006517  -0.123113413507142  6.440251592747386  1.240085747680404  -0.012506864113555  0.431076598612931  0.575289186166745  -0.156719451667370  -0.233719962900730  0.652289697400103  -0.821516013181029
10  0.517014261743194  1.323413779659809  2.042154927783659  0.195919085824778  1.953412103468628  -0.112984062065625  1.002318603741393  0.838109437661611  0.693415455850990  1.147012585552013  1.644508955578225
11  -1.203184655966306  0.877897976369737  3.298655524404638  -1.901587633330163  0.767293811849136  -1.092580491445706  0.179494999005880  -0.504781678602449  0.988502140890338  -1.313788820486907  1.576300953733594

# vertex_x  vertex_y
[CONTAINER]
1.989420902663759  1.445398891888035
-0.759891166888060  2.338704534376275
-2.459059471551399  0.000000000000000
-0.759891166888060  -2.338704534376275
1.989420902663759  -1.445398891888035

