# Polygon packing solution
# Generated by polygon_packing.py
#
[HEADER]
inner_count            = 6
inner_sides            = 5
inner_circumradius     = 0.850650808352040
inner_side_length      = 1.0
container_sides        = 3
container_side_len     = 5.635409947992299
container_circumradius = 3.253605450467249
elapsed_seconds        = 578.820

# id  cx  cy  angle_rad  [vertex_x  vertex_y  ...]
[POLYGONS]
1  0.915768840909323  -1.457122216083210  1.932194372575040  0.614993758675426  -0.661420546072915  0.066066970724300  -1.497290979495260  0.691399287064524  -2.277649547168205  1.626802700777610  -1.924067231979925  1.579581487304753  -0.925182775699745
2  -1.719789182718095  -0.064518267363631  1.094434931879906  -1.329724359050674  0.691428973578012  -2.318201072769887  0.540055969264611  -2.479692893709589  -0.446818081346499  -1.591023614236224  -0.905366782926047  -0.880303973824103  -0.201891415388231
3  -0.294791734057438  -0.793080173361084  3.817149324857061  -0.958604720825809  -1.325019188989411  0.005982839029293  -1.588782035828726  0.554910161830272  -0.752911953649354  -0.070421655180340  0.027447014155980  -1.005825295140607  -0.326134702493910
4  0.834225200605200  0.141241783026597  4.654901545628285  0.785350398425628  -0.708003794802270  1.626802596863985  -0.167672232015814  1.372939772387595  0.799567999958058  0.374591719942779  0.857023775817787  0.011441515406011  -0.074706833824777
5  0.804019895808653  1.521641211369712  5.283224113806612  1.263656266408756  0.805861074336318  1.626802709117153  1.737593150175846  0.852891269192463  2.370886986521734  0.011441252328234  1.830552026409779  0.265307981996659  0.863312819404883
6  -0.539431647703973  0.651838101783427  1.722752124443566  -0.668196091000674  1.492686789653290  -1.378916672770746  0.789212373168646  -0.929497482945095  -0.104108617190619  0.058979433333669  0.047263064388284  0.220472574862979  1.034136898897536

# vertex_x  vertex_y
[CONTAINER]
1.626802725233625  2.817704973996149
-3.253605450467249  0.000000000000000
1.626802725233622  -2.817704973996151

