# Polygon packing solution
# Generated by polygon_packing.py
#
[HEADER]
inner_count            = 6
inner_sides            = 5
inner_circumradius     = 0.850650808352040
inner_side_length      = 1.0
container_sides        = 8
container_side_len     = 1.780038276154770
container_circumradius = 2.325732087686210
elapsed_seconds        = 231.250

# id  cx  cy  angle_rad  [vertex_x  vertex_y  ...]
[POLYGONS]
1  1.025742800943779  1.039723531279290  1.413716704181746  1.158813896626855  1.879901417945967  0.267807377008510  1.425910909237246  0.424241851991147  0.438222570216831  1.411930194161007  0.281788115119007  1.865920684931379  1.172794643877397
2  -1.025742711412361  -1.039723271792938  2.042035330607079  -1.411930177169594  -0.281787892593640  -1.865920582664070  -1.172794464802263  -1.158813726684216  -1.879901171195497  -0.267807250516114  -1.425910577210884  -0.424241820027808  -0.438222253162406
3  -1.390760646394086  0.411628632249862  5.183628220484484  -1.004573001546122  -0.346306655698101  -0.550582806585474  0.544700023782806  -1.257689829645863  1.251806563095430  -2.148696198541586  0.797815758577039  -1.992261395651383  -0.189872528507861
4  0.423395507816541  -1.390761275809770  5.183628970999393  0.809583721506129  -2.148696273917935  1.263573247752852  -1.257689253710868  0.556465693998662  -0.550583245092807  -0.334540334169943  -1.004574718324636  -0.178104790004998  -1.992262888002605
5  -0.423394922071503  1.390760938510815  5.811946672469533  0.334540599670360  1.004573752509170  0.178105874543729  1.992262051910633  -0.809582507245015  2.148696256864453  -1.263572772357209  1.257689613127517  -0.556465804969378  0.550583018142302
6  1.390760428392600  -0.411628197593396  -0.471237796298657  2.148696273917934  -0.797814748133126  1.992260720702232  0.189873420111334  1.004572207757615  0.346306796975903  0.550582689675704  -0.544700227391332  1.257690249909515  -1.251806229529758

# vertex_x  vertex_y
[CONTAINER]
2.148696273918035  0.890019138077385
0.890019138077385  2.148696273918035
-0.890019138077385  2.148696273918035
-2.148696273918035  0.890019138077385
-2.148696273918035  -0.890019138077385
-0.890019138077386  -2.148696273918034
0.890019138077385  -2.148696273918035
2.148696273918034  -0.890019138077386

