# Polygon packing solution
# Generated by polygon_packing.py
#
[HEADER]
inner_count            = 9
inner_sides            = 5
inner_circumradius     = 0.850650808352040
inner_side_length      = 1.0
container_sides        = 6
container_side_len     = 2.869675402245939
container_circumradius = 2.869675402245939
elapsed_seconds        = 712.050

# id  cx  cy  angle_rad  [vertex_x  vertex_y  ...]
[POLYGONS]
1  0.101444091000632  1.486598831536294  1.787851661847146  -0.081747805395886  2.317289825134170  -0.745199400706622  1.569070618831873  -0.238618466831822  0.706878205600038  0.737917363666203  0.922233195682766  0.834868764271289  1.917522312432623
2  -0.691942918115768  -1.509399357582959  6.911503810085049  -0.003751943973934  -1.009399376723267  -0.954808451674553  -0.700382355897064  -1.542593726467807  -1.509399333924236  -0.954808496676116  -2.318416344646958  -0.003751971786429  -2.009399376723267
3  1.797020331816778  0.934838073490104  0.628318312436985  2.485211401192835  1.434837923271099  1.534154952350235  1.743855125243581  0.946369523464759  0.934838259170990  1.534154599164200  0.125821136493725  2.485211182911862  0.434837923271122
4  -1.797020738994202  -0.688767609217329  3.769911075214356  -2.485211753776483  -1.188767534140237  -1.534155271193048  -1.497784632269167  -0.946369930642167  -0.688767702017714  -1.534155094676226  0.120249356480718  -2.485211644683087  -0.188767534140243
5  -1.797020835410957  0.934837700296349  5.026548252371362  -1.534155273989474  0.125820707663594  -0.946370027058917  0.934837705934201  -1.534155284713306  1.743854696413488  -2.485211798960391  1.434837695735230  -2.485211792332697  0.434837695735230
6  0.684439296531419  -1.513731572274152  5.026548120887390  0.947304751580132  -2.322748599469508  1.535090104883453  -1.513731678483247  0.947304953601836  -0.704714610719626  -0.003751601276023  -1.013731486349194  -0.003751726132301  -2.013731486349186
7  1.797020656003684  -0.703427624540872  0.628318401509956  2.485211680843267  -0.203427713460656  1.534155204475590  0.105589403798402  0.946369847651652  -0.703427514629980  1.534154995412650  -1.512444584951479  2.485211551635264  -1.203427713460647
8  -0.685528285280724  0.123035080066671  6.911503744585613  0.002662721610826  0.623035015850241  -0.948393765849350  0.932052098970108  -1.536179093632760  0.123035159442542  -0.948393916831229  -0.685981889779780  0.002662628298893  -0.376964984149755
9  0.690853650844824  0.115704949009958  6.283185244651759  1.541504459196863  0.115704895820611  0.953719257490466  0.924721926948492  0.002662721873153  0.615704992041044  0.002662659345325  -0.384295007958954  0.953719156318315  -0.693312061801400

# vertex_x  vertex_y
[CONTAINER]
2.485211798960311  1.434837701122969
0.000000000000000  2.869675402245939
-2.485211798960310  1.434837701122970
-2.485211798960311  -1.434837701122969
-0.000000000000001  -2.869675402245939
2.485211798960311  -1.434837701122969

