# Polygon packing solution
# Generated by polygon_packing.py
#
[HEADER]
inner_count            = 5
inner_sides            = 5
inner_circumradius     = 0.850650808352040
inner_side_length      = 1.0
container_sides        = 8
container_side_len     = 1.617560662161471
container_circumradius = 2.113444854621087
elapsed_seconds        = 230.366

# id  cx  cy  angle_rad  [vertex_x  vertex_y  ...]
[POLYGONS]
1  1.264377315018612  -0.108007917843464  5.654866438418595  1.952568106232643  -0.608008150481595  1.952568444275676  0.391991849518347  1.001512032441619  0.701009165391307  0.413726506666621  -0.108007630286884  1.001511485476501  -0.917024823358495
2  -0.952616901131022  0.835482555606636  2.984513448870518  -1.792794843407222  0.968553300184507  -1.338803962352374  0.077546970286093  -0.351115688705054  0.233981858017623  -0.194681646356151  1.221670265560397  -1.085688364834308  1.675660383984560
3  -1.044599429340483  -0.572625607916983  3.612833421113471  -1.802534127415330  -0.958814410452956  -0.911526754499995  -1.412803244468192  -0.204421295240352  -0.705695141357212  -0.658413460702622  0.185310534101074  -1.646101508844116  0.028874222592373
4  0.491132455280721  1.163450679246518  -0.068530584879815  1.339786529584559  1.105200701414127  0.808780007577690  1.952568433621443  -0.161204635260381  1.709402250408604  -0.229681591092867  0.711749552061170  0.697981965594602  0.338332458727249
5  0.308780687287425  -1.264377114962338  4.084070151266214  -0.191219518069091  -1.952567925997635  0.808780481930865  -1.952568224398152  1.117797760101554  -1.001511800313872  0.308780941122066  -0.413726306610336  -0.500236228648268  -1.001511317491693

# vertex_x  vertex_y
[CONTAINER]
1.952568444275714  0.808780331080736
0.808780331080736  1.952568444275714
-0.808780331080736  1.952568444275714
-1.952568444275714  0.808780331080736
-1.952568444275714  -0.808780331080735
-0.808780331080737  -1.952568444275713
0.808780331080736  -1.952568444275714
1.952568444275713  -0.808780331080737

