# Polygon packing solution
# Generated by polygon_packing.py
#
[HEADER]
inner_count            = 9
inner_sides            = 5
inner_circumradius     = 0.850650808352040
inner_side_length      = 1.0
container_sides        = 8
container_side_len     = 2.095179472322839
container_circumradius = 2.737483903306250
elapsed_seconds        = 342.648

# id  cx  cy  angle_rad  [vertex_x  vertex_y  ...]
[POLYGONS]
1  1.720050206685700  0.784841460851780  4.083925505762878  1.219950462853860  0.096722979796876  2.219950452349493  0.096578035893531  2.529105293322186  1.047589752069073  1.720173503334246  1.635492260268271  0.911071321568715  1.047824276231148
2  -0.661292288539840  -1.771226002186287  2.984367759308487  -1.501450834881035  -1.638032853864654  -1.047589768965777  -2.529105316039457  -0.059878714870321  -2.372814325839629  0.096699221709399  -1.385148719585955  -0.794241345691464  -0.931028795601742
3  1.771225957316068  -0.661292403241555  2.041890164305674  1.385148522303264  0.096699029377517  0.931028777464156  -0.794241629335095  1.638032977928582  -1.501450976364429  2.529105348843650  -1.047589731277565  2.372814160040690  -0.059878708608203
4  -1.720049970201879  -0.784841409344155  2.198969229723462  -2.219949745172150  -0.096577642511518  -2.529105236527932  -1.047589147260311  -1.720173848598206  -1.635492208676126  -0.911071264935227  -1.047824777972423  -1.219949755775877  -0.096723270300396
5  -1.771225144881775  0.661292248099600  3.926845683003869  -2.372813391783647  0.059878597656320  -1.385147765547749  -0.096699212879051  -0.931027955263988  0.794241412475883  -1.638032103779869  1.501450811438691  -2.529104508033622  1.047589631806156
6  -0.784841313726593  1.720050299992393  3.141447853492890  -1.635492113160806  1.720173474311442  -1.047824012769172  0.911071377056660  -0.096722760753878  1.219950655116778  -0.096577960657481  2.219950644633244  -1.047589721291627  2.529105348843840
7  0.661292527891117  1.771225875840919  3.612686697136331  -0.096698825182180  1.385148284654782  0.794241927095319  0.931028723381319  1.501451128456490  1.638033069556146  1.047589699776862  2.529105346959549  0.059878709309095  2.372813954652800
8  -0.059587575809708  0.315905877317577  4.138787705951301  -0.521202134216093  -0.398600103915090  0.477301250175023  -0.343910147254966  0.733842525235269  0.622623129042577  -0.106109631651380  1.165283588392128  -0.881769888591359  0.534132920323237
9  0.784841546303651  -1.720050175442875  6.283040044960084  1.635492345680852  -1.720173742866883  1.047824619193645  -0.911071374037476  0.096723224438357  -1.219950212572180  0.096577962219366  -2.219950202021623  1.047589579986036  -2.529105345716212

# vertex_x  vertex_y
[CONTAINER]
2.529105348843751  1.047589736161419
1.047589736161419  2.529105348843751
-1.047589736161419  2.529105348843751
-2.529105348843751  1.047589736161420
-2.529105348843751  -1.047589736161419
-1.047589736161421  -2.529105348843750
1.047589736161420  -2.529105348843751
2.529105348843750  -1.047589736161421

