# Polygon packing solution
# Generated by polygon_packing.py
#
[HEADER]
inner_count            = 7
inner_sides            = 5
inner_circumradius     = 0.850650808352040
inner_side_length      = 1.0
container_sides        = 8
container_side_len     = 1.823454144155256
container_circumradius = 2.382457652903607
elapsed_seconds        = 914.924

# id  cx  cy  angle_rad  [vertex_x  vertex_y  ...]
[POLYGONS]
1  -0.177587196200315  -1.512912522640295  5.340706751668971  0.322412281164150  -2.201103862592522  0.631429997803355  -1.250047580975555  -0.177586550187443  -0.662261714288500  -0.986603990946073  -1.250046352186053  -0.677587718835562  -2.201103103158844
2  1.350014594183415  0.789550567978058  3.926967473431104  0.748499598168446  0.188063654305706  1.736184286757761  0.031606133149875  2.190195585634427  0.922602059342763  1.483105311027379  1.629725346723491  0.592088189329060  1.175755646368453
3  -0.114816072924901  1.512911571626382  3.455751229644432  -0.923833248494024  1.250046573225803  -0.114816659282195  0.662260763274544  0.694200740255486  1.250045457907952  0.385184401447996  2.201102187209635  -0.614815598551766  2.201102876513975
4  -1.365922515266389  -0.674984263932679  4.712429375454216  -1.365888153167853  -1.525635071590689  -0.556894903079093  -0.937817139480052  -0.865950315196008  0.013226893276184  -1.865950314380128  0.013186498206668  -2.174928890508865  -0.937882500075506
5  1.362729343776598  -0.606202968137704  -0.470607350816300  2.120908508226782  -0.991911604732219  1.963850302597236  -0.004322256853037  0.976063363227494  0.151488405203697  0.522635666683309  -0.739804657714799  1.230188878148171  -1.446464726592162
6  -1.339555129307499  0.701406093196740  5.340751143610297  -0.839525102286122  0.013236949870058  -0.530549605186035  0.964306948446269  -1.339592245335389  1.552056900739047  -2.148583592395727  0.964236349565901  -1.839525101334223  0.013193317362423
7  0.042415558372529  -0.010151158982973  3.768142965943318  -0.646658434737231  -0.508933506074116  0.303850185533829  -0.819631692084919  0.893065036904130  -0.011655294580218  0.306711221456132  0.798399767196187  -0.644890217294214  0.491064930628200

# vertex_x  vertex_y
[CONTAINER]
2.201103862592522  0.911727072077628
0.911727072077628  2.201103862592522
-0.911727072077628  2.201103862592522
-2.201103862592522  0.911727072077628
-2.201103862592522  -0.911727072077628
-0.911727072077629  -2.201103862592521
0.911727072077628  -2.201103862592521
2.201103862592521  -0.911727072077629

