# Polygon packing solution
# Generated by polygon_packing.py
#
[HEADER]
inner_count            = 12
inner_sides            = 5
inner_circumradius     = 0.850650808352040
inner_side_length      = 1.0
container_sides        = 8
container_side_len     = 2.393410127742379
container_circumradius = 3.127141032668230
elapsed_seconds        = 1878.270

# id  cx  cy  angle_rad  [vertex_x  vertex_y  ...]
[POLYGONS]
1  2.048924590402150  -1.063628312899214  3.612824920057348  1.290986609342006  -1.449810672175828  2.181990122840588  -1.903807080678342  2.889101593240350  -1.196704988736106  2.435117002283736  -0.305695453897137  1.447427624304068  -0.462123369008657
2  -2.104222048008402  0.468751016333713  2.745773991518852  -2.889101579802776  0.796731074142451  -2.658690733063777  -0.176362365207038  -1.662023009275711  -0.257931037864588  -1.276459327223693  0.664750189365320  -2.034835590676054  1.316567221232419
3  2.130734055909075  0.343087882293800  6.753330579785617  2.889091366967607  0.728446139651875  1.998581871066108  1.183410795102447  1.290702202930031  0.477077746576784  1.743718003978438  -0.414424740239977  2.731576834603191  -0.259070529622128
4  -0.803639126848292  -0.404356130403002  2.817385048708692  -1.609973960790167  -0.133374704246323  -1.310528944834096  -1.087488262696819  -0.310579428972891  -1.097536433124449  0.007978342907264  -0.149632985522981  -0.795091642551569  0.446251733575563
5  -2.077483966982730  -0.941982051506084  2.189066558752442  -2.570543693113343  -0.248801768882593  -2.889101426355335  -1.196705229469020  -2.086031416607223  -1.792589915833058  -1.271149121995190  -1.212963444795177  -1.570594176842560  -0.258849898550572
6  0.026463685781382  2.038493787641883  5.330651238425162  0.519517884534229  1.345309573423060  0.838083176269681  2.293210493826404  0.035017918082175  2.889101583785160  -0.779868998397365  2.309481610569548  -0.480431551581812  1.355365676605241
7  0.824886005651728  -2.049237626130498  4.871826156923416  0.959937494366399  -2.889099455925096  1.665375276793921  -2.180327606086419  1.209285453682558  -1.290393859533202  0.221968658649287  -1.449156406266455  0.067863144766473  -2.437210802841316
8  -1.283548309265198  1.616026435810547  4.702284994962772  -1.292143126388628  0.765419048781377  -0.477228555576996  1.345000140846063  -0.776620478562017  2.299130360706712  -1.776569433735582  2.309234174209318  -2.095179952062769  1.361348454509268
9  1.391456127424618  1.549806676312336  2.355064565570123  0.790635206988815  2.151986897937602  0.633084828673188  1.164475946964093  1.523577809139636  0.709478967040070  2.231483116126725  1.415786319641978  1.778499676194726  2.307305249977937
10  0.717491709144944  -0.671514246460042  1.727869063016517  0.584426399258906  0.168664556566380  -0.122685258442952  -0.538437348071226  0.331299096496843  -1.429447003164760  1.318988515912191  -1.273019349679279  1.475429792499731  -0.285332087951327
11  -0.858027400783715  -1.938041421142678  5.785075047121759  -0.110741737746139  -2.344453694048490  -0.240582390802957  -1.352918820827292  -1.223711061469164  -1.170003493656237  -1.701477342198566  -2.048490477622416  -1.013624471701752  -2.774340619558955
12  0.069637065143185  0.661588500695177  3.445739849106346  -0.741971165351660  0.406835918877042  0.061120432126850  -0.189019672738422  0.875981726964225  0.390636320222883  0.576502105811963  1.344739017271003  -0.423447773835453  1.354750919843381

# vertex_x  vertex_y
[CONTAINER]
2.889101595358387  1.196705063871190
1.196705063871190  2.889101595358387
-1.196705063871189  2.889101595358387
-2.889101595358387  1.196705063871190
-2.889101595358387  -1.196705063871189
-1.196705063871191  -2.889101595358386
1.196705063871190  -2.889101595358386
2.889101595358386  -1.196705063871191

