# Polygon packing solution
# Generated by polygon_packing.py
#
[HEADER]
inner_count            = 5
inner_sides            = 8
inner_circumradius     = 1.306562964876377
inner_side_length      = 1.0
container_sides        = 8
container_side_len     = 2.707106723221663
container_circumradius = 3.537005386529269
elapsed_seconds        = 282.840

# id  cx  cy  angle_rad  [vertex_x  vertex_y  ...]
[POLYGONS]
1  1.932328024916013  0.981885535279202  -1.178097237645363  2.432328033909935  -0.225221242181941  3.139434809827965  0.481885544273124  3.139434802377156  1.481885544273124  2.432328015922091  2.188992320191154  1.432328015922091  2.188992312740345  0.725221240004061  1.481885526285280  0.725221247454870  0.481885526285280  1.432328033909936  -0.225221249632750
2  -0.932327960712875  -1.981885532457715  -0.392699103658231  0.274778809493918  -2.481885558965184  0.274778831453425  -1.481885558965185  -0.432327934205406  -0.774778762250921  -1.432327934205406  -0.774778740291415  -2.139434730919669  -1.481885505950246  -2.139434752879176  -2.481885505950246  -1.432327987220345  -3.188992302664509  -0.432327987220345  -3.188992324624016
3  -2.060660134217131  0.303995749109505  2.748893574299818  -3.267766916608053  0.803995746201888  -3.267766914199304  -0.196004253798112  -2.560660131309513  -0.903111033281417  -1.560660131309513  -0.903111030872668  -0.853553351826209  -0.196004247982877  -0.853553354234958  0.803995752017123  -1.560660137124748  1.511102531500428  -2.560660137124748  1.511102529091679
4  -0.403110896700878  2.060660068123027  2.748893645858500  -1.610217714871137  2.560659978836437  -1.610217640903706  1.560659978836440  -0.903110807414289  0.853553249952767  0.096889192585709  0.853553323920198  0.803995921469382  1.560660157409615  0.803995847501951  2.560660157409614  0.096889014012534  3.267766886293286  -0.903110985987464  3.267766812325855
5  1.481885539221901  -1.432327982365187  -0.392699114885124  2.688992303815247  -1.932328022424715  2.688992337001648  -0.932328022424715  1.981885579281429  -0.225221217771840  0.981885579281429  -0.225221184585440  0.274778774628554  -0.932327942305659  0.274778741442154  -1.932327942305658  0.981885499162372  -2.639434746958534  1.981885499162372  -2.639434780144934

# vertex_x  vertex_y
[CONTAINER]
3.267766882996564  1.353553361610832
1.353553361610832  3.267766882996564
-1.353553361610832  3.267766882996564
-3.267766882996564  1.353553361610832
-3.267766882996564  -1.353553361610831
-1.353553361610834  -3.267766882996563
1.353553361610832  -3.267766882996563
3.267766882996563  -1.353553361610834

