# Polygon packing solution
# Generated by polygon_packing.py
#
[HEADER]
inner_count            = 9
inner_sides            = 4
inner_circumradius     = 0.707106781186547
inner_side_length      = 1.0
container_sides        = 5
container_side_len     = 2.729140163652770
container_circumradius = 2.321545286317247
elapsed_seconds        = 2953.599

# id  cx  cy  angle_rad  [vertex_x  vertex_y  ...]
[POLYGONS]
1  -0.533137242230186  -1.525242562992991  1.307169965685886  -0.348877000488190  -0.842565360126818  -1.215814445096359  -1.340982321250995  -0.717397483972182  -2.207919765859163  0.149539960635986  -1.709502804734987
2  0.839553375134398  0.991117875499151  5.671907404072345  1.418613922613415  0.585299095311121  1.245372155322429  1.570178422978168  0.260492827655381  1.396936655687182  0.433734594946367  0.412057328020134
3  1.204141864820652  0.039896585747276  4.101110810906685  0.798322930387836  -0.539163853633462  1.783202304201390  -0.365922348685540  1.609960799253468  0.618957025128015  0.625081425439914  0.445715520180093
4  -1.226763933559337  0.382952365076365  2.877966075412102  -1.909441096428365  0.567212755006197  -1.411024323489168  -0.299724797792664  -0.544086770690308  0.198691975146534  -1.042503543629505  1.065629527945394
5  1.299107488128210  -0.958751966596639  2.530315171457127  0.720046769809855  -0.552933430178413  0.893288951709983  -1.537812684914993  1.878168206446564  -1.364570503014866  1.704926024546436  -0.379691248278285
6  -1.017637318901348  -0.650303559936394  6.019559802250515  -0.334959958275503  -0.834563217183796  -0.833377661653945  0.032373800689451  -1.700314679527192  -0.466043902688992  -1.201896976148751  -1.332980920562238
7  -0.396382412178040  1.577873226434793  3.612833764717143  -1.026418457066285  1.256852071148139  -0.075361256891386  0.947837181546549  0.233653632710204  1.898894381721448  -0.717403567464695  2.207909271323038
8  0.207534144470768  -0.525440140766665  2.530314069399285  -0.371526126611735  -0.119620966190280  -0.198285030105618  -1.104500411849167  0.786594415553270  -0.931259315343051  0.613353319047153  0.053620130315837
9  -0.078778804651288  0.439552472586005  2.530319273523798  -0.657841187659463  0.845368633655144  -0.484594965720427  -0.139509910422171  0.500283578356887  0.033736311516866  0.327037356417851  1.018614855594180

# vertex_x  vertex_y
[CONTAINER]
1.878169589841706  1.364570081826385
-0.717396946683082  2.207920772426316
-2.321545286317247  0.000000000000000
-0.717396946683083  -2.207920772426316
1.878169589841706  -1.364570081826386

