# Polygon packing solution
# Generated by polygon_packing.py
#
[HEADER]
inner_count            = 12
inner_sides            = 5
inner_circumradius     = 0.850650808352040
inner_side_length      = 1.0
container_sides        = 5
container_side_len     = 3.969265428535790
container_circumradius = 3.376458845347776
elapsed_seconds        = 1755.936

# id  cx  cy  angle_rad  [vertex_x  vertex_y  ...]
[POLYGONS]
1  -0.536291962910815  2.322830283613012  4.398225604448648  -0.799160844494862  1.513814369774025  0.151896942030426  1.822827454755260  0.151901052607489  2.822827454746812  -0.799154193441461  3.131848358510250  -1.386942771255668  2.322833780278713
2  0.929888160158814  -0.396238503422512  0.000000531376986  1.780538968510734  -0.396238051406250  1.192753286325332  0.412778630633028  0.241696934234832  0.103761130888579  0.241697465611817  -0.896238869111279  1.192754146111356  -1.205255358116638
3  -2.496568269403281  0.040240676728727  0.628314818415393  -1.808375453021154  0.540238121952215  -2.759430822145173  0.849258646934578  -3.347219077749460  0.040243834601906  -2.759436828776901  -0.768775341804167  -1.808379165323720  -0.459761878040895
4  -0.780517403956237  -2.402184285734759  0.628318928025963  -0.092326642374707  -1.902184012311021  -1.043383281444711  -1.593167395798464  -1.631168212308210  -2.402184623705133  -1.043382638586856  -3.211201384548231  -0.092326245066703  -2.902184012310942
5  0.012900739839418  1.054056901890771  3.769911323065346  -0.675290151017365  0.554056806399054  0.275766408156234  0.245039943990424  0.863551548191450  1.054057019925031  0.275766183641731  1.863073932740303  -0.675290289774959  1.554056806399045
6  2.043414539767188  -1.205264770390422  4.398243888546367  1.780560450353106  -2.014285490414497  2.731612586693978  -1.705255016251410  2.731598413173322  -0.705255016351855  1.780537517114943  -0.396251501827125  1.192763731500591  -1.205276827107226
7  0.632038689196258  -1.844947068478212  5.432094620868957  1.192756519106441  -2.484636300035844  1.413690639764271  -1.509347566209215  0.554408332109760  -0.997845937910792  -0.197591460610002  -1.657009280148081  0.196929415610820  -2.575896258087128
8  -1.506126149195058  1.160789740779898  6.066921438124073  -0.675290425635503  0.978255365367352  -1.075783283897382  1.894555245581919  -2.070995355184633  1.796816137932317  -2.285577382992457  0.820110167160211  -1.422984298265317  0.314211787857690
9  -0.446495388289810  -0.243890883928714  1.884953706213621  -0.709359418591193  0.565126606193529  -1.297146196640337  -0.243889279652111  -0.709362470106626  -1.052907382553488  0.241694628974425  -0.743892181814859  0.241696514914680  0.256107818183362
10  -1.530763356831022  -1.093166248127270  3.769909339433548  -2.218955239502540  -1.593164978500669  -1.267899293306486  -1.902183727454724  -0.680112548480430  -1.093167817471003  -1.267896308237320  -0.284149738707583  -2.218953394628336  -0.593164978502371
11  1.202966241126659  1.757713187830241  0.628318524616560  1.891157204412945  2.257713183631313  0.940100690003228  2.566730183809036  0.352315432774619  1.757713193020401  0.940100680130957  0.948696195059141  1.891157198311546  1.257713183631313
12  2.043421320199055  0.412759600173284  1.884954991229896  1.780556250297248  1.221776752510301  1.192770511847169  0.412760111349753  1.780555277981824  -0.396257236239301  2.731611979972528  -0.087240813377077  2.731612580896508  0.912759186622742

# vertex_x  vertex_y
[CONTAINER]
2.731612586693963  1.984632714267895
-1.043383164020075  3.211203186870413
-3.376458845347776  0.000000000000000
-1.043383164020076  -3.211203186870413
2.731612586693963  -1.984632714267896

