# Polygon packing solution
# Generated by polygon_packing.py
#
[HEADER]
inner_count            = 6
inner_sides            = 5
inner_circumradius     = 0.850650808352040
inner_side_length      = 1.0
container_sides        = 6
container_side_len     = 2.322941847919403
container_circumradius = 2.322941847919403
elapsed_seconds        = 232.560

# id  cx  cy  angle_rad  [vertex_x  vertex_y  ...]
[POLYGONS]
1  0.061322179690415  -1.474503776451156  2.126963676300115  -0.387766215895643  -0.752059030674761  -0.764539549656092  -1.678364517524017  -0.000000043467436  -2.322941389182321  0.849284690859664  -1.795006317379976  0.609632016611580  -0.824147627494706
2  1.323535145357370  -0.635931049808223  4.398228637568169  1.060668717616494  -1.444947760956225  2.011725566863787  -1.135931791304473  2.011726644321328  -0.135931791305053  1.060670460979417  0.173086227792730  0.472884337005824  -0.635930133268095
3  -1.252842419943416  0.777151317324885  3.929453544477540  -1.852860219452260  0.174170854936140  -0.864789618965629  0.020169269054735  -0.412994800000702  0.912291145009163  -1.121840846425902  1.617654372337724  -2.011726614872589  1.161470945286664
4  -1.270019754759627  -0.744964068505971  3.653261190866957  -2.011726651812072  -1.161470582998617  -1.103098556106330  -1.579076837374860  -0.425149883496571  -0.843967595624583  -0.914782656901608  0.027961155597494  -1.895341025481555  -0.168266482129287
5  0.088922657286557  1.476947816209694  1.675516052050805  0.000005460776592  2.322938673083920  -0.743139384683552  1.653808088918154  -0.336402768889647  0.740262619128872  0.658119129600238  0.844791052696370  0.866030849629155  1.822938647221152
6  0.067615500301144  0.021214312606469  3.716007969671081  -0.646514470758593  -0.440981730414452  0.286511761572078  -0.800790081877883  0.917030800836596  -0.024616299065716  0.373686765325327  0.814893831352213  -0.592637355469686  0.557565843038183

# vertex_x  vertex_y
[CONTAINER]
2.011726651812171  1.161470923959701
0.000000000000000  2.322941847919403
-2.011726651812171  1.161470923959702
-2.011726651812172  -1.161470923959701
-0.000000000000000  -2.322941847919403
2.011726651812172  -1.161470923959701

