# Polygon packing solution
# Generated by DEM Polygon Packing Suite
#
[HEADER]
inner_count            = 16
inner_sides            = 5
inner_circumradius     = 0.8506508083520399
inner_side_length      = 1.0
container_sides        = 6
container_side_len     = 3.698954805925547
container_circumradius = 3.698954805925547
packing_efficiency_pct = 77.438872
elapsed_seconds        = 320.440

# id  cx  cy  angle_rad  [vertex_x  vertex_y  ...]
[POLYGONS]
1  2.405973512804862  -0.6301427667232631  0.9009800800244462  2.934093216701481  0.03671282192103015  1.934954123365187  0.07819862873647879  1.586747816874301  -0.8592192973349053  2.370683577702164  -1.480061244125906  3.203388829381178  -0.9263447428130135
2  0.3261686634545715  2.715986767986923  0.4188790204784716  1.103276845464642  3.061977622205617  0.2372514416802873  3.561977622205762  -0.505893383797219  2.892847015847028  -0.09915674072157177  1.979301558204359  0.895365154646719  2.083830021471846
3  -1.089578228301131  2.217322386650465  0.1008106943683386  -0.2432462558274342  2.302931907842682  -0.9094667589106543  3.048686720949202  -1.824595190927827  2.645524281089297  -1.723955162902617  1.650601377162021  -0.7466277729371227  1.438867646209122
4  0.1593010253068448  1.207813868882052  0.05277555070717354  1.008767467289786  1.252686596621971  0.3791240919098057  2.029570899359582  -0.5543072900042348  1.67081491647143  -0.5015562348129153  0.6722072226415644  0.4644770921517823  0.4137897093157112
5  -0.9813754139761017  -0.5917913790810966  1.238699896098891  -0.7040414507715009  0.2123806613450849  -1.660487565498213  -0.07952827929253349  -1.678423768994436  -1.079367412655567  -0.7330628376575244  -1.405393039718542  -0.1308614469588341  -0.6070488250839248
6  0.2544564965056486  -2.678594063076313  0.9909544984530987  0.7205209504162198  -1.966982706680829  -0.278304284331463  -2.01544042465471  -0.5408722278351913  -2.980353931164087  0.2956770934710252  -3.528245556416845  1.075260950807652  -2.901947696465092
7  -1.046011537199569  -2.112792816970951  0.4188790221682723  -0.2689033557741543  -1.766801961439099  -1.13492876040341  -1.266801962902364  -1.878073584750218  -1.935932570516865  -1.471336940130862  -2.849478027472229  -0.4768150449392026  -2.744949562524198
8  1.53852732478352  1.838920001478288  0.9009800611430206  2.066647041271322  2.505775580150928  1.06750794871834  2.547261405831548  0.7193016245276674  1.609843486334795  1.503237373633149  0.9890015247419703  2.33594263576712  1.5427180103322
9  1.620368461210042  -1.968780166329542  0.8377580409240334  2.189564952423311  -1.336623419833483  1.195043057058513  -1.232094956532767  0.7883064139523419  -2.145640414161846  1.531451239407491  -2.81477102054541  2.397476643208552  -2.314771020574201
10  -2.461081016398732  1.434042800930633  0.1180946048210853  -1.61635504828807  1.534266732950309  -2.295364960298743  2.268395835623169  -3.203388829358016  1.849477402967564  -3.085568531022158  0.8564424703997062  -2.104727713026671  0.6616315627124155
11  -2.426279566726797  -1.503487172627777  1.047197551223071  -2.00095416257028  -0.7668019628338824  -2.995476057935786  -0.8713304261278644  -3.20338774872765  -1.849478026867174  -2.337362344929975  -2.349478026844247  -1.594217519470295  -1.680347420465716
12  1.043849950243585  0.04125320059217716  0.6428706837008962  1.724692224640942  0.5512145669165414  0.7692397030196932  0.8463594108958935  0.1932892094028509  0.02887483678913063  0.7927847501316122  -0.7715032592669334  1.739243864022826  -0.4486795523737463
13  2.384163133492452  0.7483307120809471  0.2726615496503396  3.203388829344245  0.9774072429742818  2.419453068302904  1.598249189495724  1.586747816814287  1.044532687896504  1.856043429825133  0.08147512325505896  2.855182523175692  0.03998931678316619
14  -1.209918195903105  0.834776973432231  0.7300443990393894  -0.5760601751948518  1.402078310759929  -1.55358092905185  1.612917528598657  -2.056171466363967  0.7483929472220966  -1.38926874698993  0.003248153982880355  -0.4745096619149248  0.4072479265975921
15  -2.371326782118181  -0.1137479853341541  0.4188790205217741  -1.594218600123092  0.232242868918191  -2.460244003929099  0.7322428688808349  -3.20338882937763  0.06311226248992136  -2.796652186262424  -0.8504331951351349  -1.802130290898659  -0.7459047318245829
16  0.3383417528088753  -1.296523646188406  0.3626359676893771  1.133670477163525  -0.9947637781370274  0.2971211558823811  -0.4468721528459867  -0.4824627014829068  -1.073170012762064  -0.1277227011342612  -2.008135002562561  0.8711025336156392  -1.959677284634389

# vertex_x  vertex_y
[CONTAINER]
3.203388829382062  1.849477402962773
2.26495658163372e-16  3.698954805925547
-3.203388829382061  1.849477402962775
-3.203388829382062  -1.849477402962773
-6.794869744901161e-16  -3.698954805925547
3.203388829382061  -1.849477402962775

