# Polygon packing solution
# Generated by polygon_packing.py
#
[HEADER]
inner_count            = 16
inner_sides            = 4
inner_circumradius     = 0.707106781186547
inner_side_length      = 1.0
container_sides        = 5
container_side_len     = 3.479362834967506
container_circumradius = 2.959722808115155
elapsed_seconds        = 2569.583

# id  cx  cy  angle_rad  [vertex_x  vertex_y  ...]
[POLYGONS]
1  1.308578407551987  -1.566774478706421  2.670349788077781  0.678542925859303  -1.245752218094686  0.987556146940252  -2.196809960399104  1.938613889244670  -1.887796739318156  1.629600668163721  -0.936738997013738
2  -1.210425833907451  1.557049009278044  1.727876193079531  -1.321041868098780  2.255450106771298  -1.908826931400705  1.446432975086715  -1.099809799716121  0.858647911784789  -0.512024736414196  1.667665043469373
3  1.885090804225908  -0.436740109416275  -0.785402691864678  2.385088539987167  -0.936742373644763  2.385093068454396  0.063257626344984  1.385093068464650  0.063262154812213  1.385088539997420  -0.936737845177533
4  0.760576694865785  -0.677198233919899  2.685846539322978  0.125642259945445  -0.365977631529267  0.449356092475153  -1.312132668840240  1.395511129786126  -0.988418836310531  1.071797297256417  -0.042263798999559
5  -0.593643847358950  -2.184765149823290  2.670504287403993  -1.223728919254913  -1.863840233099987  -0.914568764082253  -2.814850221719253  0.036441224537013  -2.505690066546594  -0.272718930635647  -1.554680077927327
6  -1.781478819090382  0.735872561162763  3.298673175613682  -2.479879844048210  0.625256069002442  -1.670862326930060  0.037471536204934  -1.083077794132553  0.846489053323084  -1.892095311250703  1.434273586120592
7  0.101744360109704  1.948424739188156  2.048697269328557  -0.223465578842368  2.576308881054145  -0.526139781756285  1.623214800236084  0.426954299061776  1.320540597322167  0.729628501975693  2.273634678140228
8  0.356021644148554  -1.871196835409411  4.241133085663312  0.034991174699869  -2.501228134382372  0.986052943121515  -2.192227304858096  0.677052113597239  -1.241165536436450  -0.274009654824407  -1.550166365960726
9  -1.327914672003011  -1.321407417039290  4.555628717805424  -1.438307488970027  -2.019843832156719  -0.629478256885581  -1.431800234006305  -1.217521855035995  -0.622971001921860  -2.026351087120441  -1.211014600072274
10  -0.240597921497566  -0.979785467046123  5.820584601407149  0.392188323757165  -1.295350940151816  0.074967551608127  -0.346999221791393  -0.873384166752296  -0.664219993940430  -0.556163394603258  -1.612571712300854
11  1.044718978303887  1.613879544195250  3.619492517217999  0.416834485567486  1.288670282670993  1.369928239828145  0.985995051458850  1.672603471040288  1.939088805719508  0.719509716779630  2.241764036931651
12  1.894464603226506  0.563260693211680  2.356191595832540  1.394466050408503  1.063262140389488  1.394463156048698  0.063262140393677  2.394463156044509  0.063259246033872  2.394466050404314  1.063259246029683
13  -1.950716868226004  -0.537834205120973  4.555653284552406  -2.061092526849015  -1.236273332020044  -1.252277741326933  -0.648209863743984  -1.840341209602992  0.160604921778098  -2.649155995125074  -0.427458546497961
14  0.640236402510034  0.559038719802679  0.234370571551830  1.328011383994729  0.723250701228293  0.476024421084420  1.246813701287374  -0.047538578974662  0.394826738377065  0.804448383935648  -0.128736261682017
15  -0.385085414745278  0.915802819607823  1.758534315467533  -0.517057780140894  1.610484973381681  -1.079767568519137  0.783830454212207  -0.253113049349663  0.221120665833965  0.309596739028580  1.047775185003438
16  -0.944214533638340  -0.071330523046780  4.585448651816692  -1.033734030786481  -0.772747845067233  -0.242797211617886  -0.160850020194921  -0.854695036490198  0.630086798973673  -1.645631855658793  0.018188974101361

# vertex_x  vertex_y
[CONTAINER]
2.394466050404302  1.739681417483753
-0.914604646346724  2.814863663085308
-2.959722808115155  0.000000000000000
-0.914604646346725  -2.814863663085308
2.394466050404301  -1.739681417483754

